10,24
10,23
9,24
9,23
10,22
10,21
9,22
10,20
9,21
9,20
10,19
9,19
9,18
10,18
10,17
10,16
9,17
9,16
10,15
8,9
8,8
9,15
10,14
10,13
10,12
10,11
10,10
151,7
151,6
151,5
5,121
513,11
513,10
513,9
513,8
513,7
513,6
513,5
513,4
513,3
513,2
513,1
513,0
5,120
512,4
512,3
512,2
512,1
512,0
0,227
11,25
511,4
511,3
511,2
511,1
511,0
510,4
510,3
510,2
510,1
510,0
509,4
509,3
509,2
509,1
509,0
508,4
508,3
508,2
508,1
508,0
507,4
507,3
507,2
507,1
507,0
506,5
506,4
506,3
506,2
506,1
506,0
505,4
505,3
505,2
505,1
505,0
504,4
504,3
504,2
504,1
504,0
503,4
503,3
503,2
503,1
503,0
11,24
11,23
9,14
70,41
70,40
502,4
502,3
502,2
502,1
502,0
0,226
5,119
4,9
501,7
501,6
501,5
501,4
501,3
501,2
501,1
501,0
500,3
500,2
500,1
500,0
499,4
499,3
499,2
499,1
499,0
11,22
5,118
5,128
498,5
498,4
498,3
498,2
498,1
498,0
497,5
0,225
497,4
497,3
497,2
497,1
497,0
496,5
496,4
496,3
496,2
496,1
496,0
495,4
495,3
495,2
495,1
495,0
5,117
494,5
494,4
494,3
494,2
494,1
494,0
493,5
493,4
493,3
493,2
493,1
493,0
0,224
492,5
492,4
492,3
492,2
492,1
492,0
5,116
491,5
491,4
0,223
491,3
491,2
491,1
491,0
490,5
490,4
490,3
490,2
490,1
490,0
489,4
489,3
489,2
489,1
489,0
488,5
488,4
488,3
488,2
488,1
488,0
487,3
487,2
487,1
487,0
11,21
486,5
486,4
486,3
486,2
486,1
486,0
485,5
485,4
485,3
485,2
485,1
485,0
5,115
5,114
484,7
484,6
484,5
484,4
484,3
484,2
484,1
484,0
483,5
483,4
483,3
483,2
483,1
483,0
0,222
482,4
482,3
482,2
482,1
482,0
481,6
481,5
481,4
481,3
481,2
481,1
481,0
480,5
480,4
480,3
480,2
480,1
480,0
479,5
479,4
479,3
479,2
479,1
479,0
478,5
478,4
478,3
478,2
478,1
478,0
477,4
477,3
477,2
477,1
477,0
476,6
476,5
476,4
476,3
476,2
476,1
476,0
4,8
475,6
475,5
475,4
475,3
475,2
475,1
475,0
9,13
150,16
474,6
474,5
474,4
474,3
474,2
474,1
474,0
473,4
473,3
473,2
473,1
473,0
472,3
472,2
472,1
472,0
471,7
471,6
471,5
471,4
471,3
471,2
471,1
471,0
5,113
470,4
470,3
470,2
470,1
470,0
5,112
469,6
469,5
469,4
469,3
469,2
469,1
469,0
5,111
468,6
468,5
468,4
468,3
468,2
468,1
468,0
467,3
467,2
467,1
467,0
0,221
5,110
466,3
466,2
466,1
466,0
5,109
465,7
465,6
465,5
465,4
465,3
465,2
465,1
465,0
464,3
464,2
464,1
464,0
463,5
463,4
463,3
463,2
463,1
463,0
462,4
462,3
462,2
462,1
462,0
461,5
461,4
461,3
461,2
461,1
461,0
460,5
460,4
460,3
460,2
460,1
460,0
459,6
459,5
459,4
459,3
459,2
459,1
459,0
458,5
458,4
458,3
458,2
458,1
458,0
457,4
457,3
457,2
457,1
457,0
456,6
456,5
456,4
456,3
456,2
456,1
456,0
455,6
455,5
455,4
455,3
455,2
455,1
455,0
5,108
5,107
454,11
454,10
454,9
454,8
454,7
454,6
454,5
454,4
454,3
454,2
454,1
454,0
0,220
4,7
453,4
453,3
453,2
453,1
453,0
0,219
452,6
452,5
452,4
452,3
452,2
452,1
452,0
11,20
11,19
11,18
11,17
11,16
11,15
64,12
451,3
451,2
451,1
451,0
450,3
450,2
450,1
450,0
449,3
449,2
449,1
449,0
448,3
448,2
448,1
448,0
447,3
447,2
447,1
447,0
446,3
446,2
446,1
446,0
445,3
445,2
445,1
445,0
444,3
444,2
444,1
444,0
443,3
443,2
443,1
443,0
442,3
442,2
442,1
442,0
441,3
441,2
441,1
441,0
440,9
440,8
440,7
440,6
440,5
440,4
440,3
440,2
440,1
440,0
439,8
439,7
439,6
439,5
439,4
439,3
439,2
439,1
439,0
438,5
438,4
438,3
438,2
438,1
438,0
437,4
437,3
437,2
437,1
437,0
11,14
5,106
436,5
436,4
436,3
436,2
436,1
436,0
435,4
435,3
435,2
435,1
435,0
434,7
434,6
434,5
434,4
434,3
434,2
434,1
434,0
433,4
433,3
433,2
433,1
433,0
432,4
432,3
432,2
432,1
432,0
5,105
431,4
431,3
431,2
431,1
431,0
5,104
430,6
430,5
430,4
430,3
430,2
430,1
430,0
429,4
429,3
429,2
429,1
429,0
64,11
70,39
9,12
70,38
11,13
11,12
11,11
428,4
428,3
428,2
428,1
428,0
427,3
427,2
427,1
427,0
426,7
426,6
426,5
426,4
426,3
426,2
426,1
426,0
11,10
425,4
425,3
425,2
425,1
425,0
70,37
9,11
424,4
424,3
424,2
424,1
424,0
423,5
0,218
423,4
423,3
423,2
423,1
423,0
0,217
9,10
5,103
422,6
422,5
422,4
422,3
422,2
422,1
422,0
9,9
9,8
421,4
421,3
421,2
421,1
421,0
5,102
420,8
420,7
420,6
420,5
420,4
420,3
420,2
420,1
420,0
70,36
70,35
70,34
419,6
419,5
419,4
419,3
419,2
419,1
419,0
418,5
418,4
418,3
418,2
418,1
418,0
417,6
417,5
417,4
417,3
417,2
417,1
417,0
5,101
416,5
416,4
416,3
416,2
416,1
416,0
415,6
415,5
415,4
415,3
415,2
415,1
415,0
0,216
414,5
414,4
414,3
414,2
414,1
414,0
413,4
413,3
413,2
413,1
413,0
412,5
412,4
412,3
412,2
412,1
412,0
411,6
411,5
411,4
411,3
411,2
411,1
411,0
410,4
410,3
410,2
410,1
410,0
409,4
409,3
409,2
409,1
409,0
5,100
4,6
408,5
408,4
408,3
408,2
408,1
408,0
407,4
407,3
407,2
407,1
407,0
406,6
406,5
406,4
406,3
406,2
406,1
406,0
405,6
405,5
405,4
405,3
405,2
405,1
405,0
9,7
404,6
404,5
404,4
404,3
404,2
404,1
404,0
11,9
5,99
403,4
403,3
403,2
403,1
403,0
402,4
402,3
402,2
402,1
402,0
401,8
401,7
401,6
401,5
401,4
401,3
401,2
401,1
401,0
400,5
400,4
400,3
400,2
400,1
400,0
64,10
5,98
399,6
399,5
399,4
399,3
399,2
399,1
399,0
5,97
398,5
398,4
398,3
398,2
398,1
398,0
5,96
397,6
397,5
397,4
0,215
397,3
397,2
397,1
397,0
396,6
396,5
396,4
396,3
396,2
396,1
396,0
5,95
395,4
395,3
395,2
395,1
395,0
70,33
394,3
394,2
394,1
394,0
0,214
393,5
393,4
393,3
393,2
393,1
393,0
0,213
392,4
392,3
392,2
392,1
392,0
391,4
391,3
391,2
391,1
391,0
390,5
390,4
390,3
390,2
390,1
390,0
389,5
389,4
389,3
389,2
389,1
389,0
0,212
388,4
388,3
388,2
388,1
388,0
387,4
387,3
387,2
387,1
387,0
386,5
386,4
386,3
386,2
386,1
386,0
385,6
385,5
385,4
385,3
385,2
385,1
385,0
5,94
384,3
384,2
384,1
384,0
383,4
383,3
383,2
383,1
383,0
382,4
382,3
382,2
382,1
382,0
150,15
11,8
11,7
381,6
381,5
381,4
381,3
381,2
381,1
381,0
380,4
380,3
380,2
380,1
380,0
5,93
379,5
379,4
379,3
379,2
379,1
379,0
378,5
378,4
378,3
378,2
378,1
378,0
377,6
377,5
377,4
377,3
377,2
377,1
377,0
5,92
376,5
376,4
376,3
376,2
376,1
376,0
375,6
375,5
375,4
375,3
375,2
375,1
375,0
0,211
0,210
374,5
374,4
374,3
374,2
374,1
374,0
373,6
373,5
373,4
373,3
373,2
373,1
373,0
372,5
372,4
372,3
372,2
372,1
372,0
371,4
371,3
371,2
371,1
371,0
370,4
370,3
370,2
370,1
370,0
369,4
369,3
369,2
369,1
369,0
368,5
368,4
368,3
368,2
368,1
368,0
367,4
367,3
367,2
367,1
367,0
70,32
70,31
366,4
366,3
366,2
366,1
366,0
365,5
365,4
365,3
365,2
365,1
365,0
0,209
364,8
364,7
364,6
364,5
364,4
364,3
364,2
364,1
364,0
363,6
363,5
363,4
0,208
363,3
363,2
363,1
363,0
362,4
362,3
362,2
362,1
362,0
361,5
361,4
361,3
361,2
361,1
361,0
360,6
360,5
360,4
360,3
360,2
360,1
360,0
5,91
359,5
359,4
359,3
359,2
359,1
359,0
358,4
358,3
358,2
358,1
358,0
357,4
357,3
357,2
357,1
357,0
150,14
150,13
356,5
356,4
356,3
356,2
356,1
356,0
355,5
355,4
355,3
355,2
355,1
355,0
354,5
354,4
354,3
354,2
354,1
354,0
353,4
353,3
353,2
353,1
353,0
352,7
352,6
352,5
352,4
352,3
352,2
352,1
352,0
351,4
351,3
351,2
351,1
351,0
350,6
350,5
350,4
350,3
350,2
350,1
350,0
349,4
349,3
349,2
349,1
349,0
348,4
348,3
348,2
348,1
348,0
347,6
347,5
347,4
347,3
347,2
347,1
347,0
346,6
346,5
346,4
346,3
346,2
346,1
346,0
345,5
345,4
345,3
345,2
345,1
345,0
344,5
344,4
344,3
344,2
344,1
344,0
343,7
343,6
343,5
343,4
343,3
343,2
343,1
343,0
0,207
342,5
342,4
342,3
342,2
342,1
342,0
341,4
341,3
341,2
341,1
341,0
340,4
340,3
340,2
340,1
340,0
339,4
339,3
339,2
339,1
339,0
338,4
338,3
338,2
338,1
338,0
5,90
337,5
337,4
337,3
337,2
337,1
337,0
5,89
336,8
336,7
336,6
336,5
336,4
336,3
336,2
336,1
336,0
335,4
335,3
335,2
335,1
335,0
64,9
64,8
334,3
334,2
334,1
334,0
333,5
333,4
333,3
333,2
333,1
333,0
332,4
332,3
332,2
332,1
332,0
331,4
331,3
331,2
331,1
331,0
330,6
330,5
330,4
330,3
330,2
330,1
330,0
329,4
329,3
329,2
329,1
329,0
150,12
70,30
70,29
70,28
70,27
70,26
70,25
70,24
70,23
328,6
328,5
328,4
328,3
328,2
328,1
328,0
5,88
327,7
327,6
327,5
327,4
327,3
327,2
327,1
327,0
326,4
326,3
326,2
326,1
326,0
5,87
325,7
325,6
325,5
325,4
325,3
325,2
325,1
325,0
324,6
324,5
324,4
324,3
324,2
324,1
324,0
323,6
323,5
323,4
323,3
323,2
323,1
323,0
5,86
322,6
322,5
322,4
322,3
322,2
322,1
322,0
321,9
321,8
321,7
321,6
321,5
321,4
321,3
321,2
321,1
321,0
0,206
320,7
320,6
320,5
320,4
320,3
320,2
320,1
320,0
319,4
319,3
319,2
319,1
319,0
318,4
318,3
318,2
318,1
318,0
317,5
317,4
317,3
317,2
317,1
317,0
316,6
316,5
316,4
316,3
316,2
316,1
316,0
315,6
315,5
315,4
315,3
315,2
315,1
315,0
314,5
314,4
314,3
314,2
314,1
314,0
313,6
313,5
313,4
313,3
313,2
313,1
313,0
0,205
312,5
312,4
312,3
312,2
312,1
312,0
311,4
311,3
311,2
311,1
311,0
310,4
310,3
310,2
310,1
310,0
70,22
309,5
309,4
309,3
309,2
309,1
309,0
308,5
308,4
308,3
308,2
308,1
308,0
307,5
307,4
307,3
307,2
307,1
307,0
306,4
306,3
306,2
306,1
306,0
70,21
70,20
5,85
305,6
305,5
305,4
305,3
305,2
305,1
305,0
304,4
304,3
304,2
304,1
304,0
303,4
303,3
303,2
303,1
303,0
70,19
70,18
302,8
0,204
302,7
302,6
302,5
302,4
302,3
302,2
302,1
302,0
0,203
301,7
301,6
301,5
301,4
301,3
301,2
301,1
301,0
300,7
300,6
300,5
300,4
300,3
300,2
300,1
300,0
299,4
299,3
299,2
299,1
299,0
298,4
298,3
298,2
298,1
298,0
297,4
297,3
297,2
297,1
297,0
70,17
64,7
296,7
296,6
296,5
296,4
296,3
296,2
296,1
296,0
5,84
295,8
295,7
295,6
295,5
295,4
295,3
295,2
0,202
295,1
295,0
294,3
294,2
294,1
294,0
5,83
293,6
293,5
293,4
293,3
293,2
293,1
293,0
292,6
292,5
292,4
292,3
292,2
292,1
292,0
291,5
291,4
291,3
291,2
291,1
291,0
290,7
290,6
290,5
290,4
290,3
290,2
290,1
290,0
289,7
289,6
289,5
289,4
289,3
289,2
289,1
289,0
288,8
288,7
288,6
288,5
288,4
288,3
288,2
288,1
288,0
287,5
287,4
287,3
287,2
287,1
287,0
286,4
286,3
286,2
286,1
286,0
285,4
285,3
285,2
285,1
285,0
284,4
284,3
284,2
284,1
284,0
283,4
283,3
283,2
283,1
283,0
0,201
282,5
282,4
282,3
282,2
282,1
282,0
281,4
281,3
281,2
281,1
281,0
280,5
280,4
280,3
280,2
280,1
280,0
279,4
279,3
279,2
279,1
279,0
278,4
278,3
278,2
278,1
278,0
277,4
277,3
277,2
277,1
277,0
276,4
276,3
276,2
276,1
276,0
275,4
275,3
275,2
275,1
275,0
274,4
274,3
274,2
274,1
274,0
273,4
273,3
273,2
273,1
273,0
272,4
272,3
272,2
272,1
272,0
271,4
271,3
271,2
271,1
271,0
5,82
270,4
270,3
270,2
270,1
270,0
269,4
269,3
269,2
269,1
269,0
268,4
268,3
268,2
268,1
268,0
267,4
267,3
267,2
267,1
267,0
266,6
266,5
266,4
266,3
266,2
266,1
266,0
265,4
265,3
265,2
265,1
265,0
5,81
264,4
264,3
264,2
264,1
264,0
263,4
263,3
263,2
263,1
263,0
262,5
262,4
262,3
262,2
262,1
262,0
8,7
9,6
9,5
10,9
8,6
8,5
10,8
10,7
10,6
150,11
150,10
150,9
150,8
150,7
150,6
150,5
70,16
70,15
70,14
70,13
70,12
70,11
70,10
70,9
64,6
64,5
261,3
261,2
261,1
261,0
260,4
260,3
260,2
260,1
260,0
259,3
259,2
259,1
259,0
258,3
258,2
258,1
258,0
257,6
257,5
257,4
257,3
257,2
257,1
257,0
256,3
256,2
256,1
256,0
255,4
255,3
255,2
255,1
255,0
254,4
254,3
254,2
254,1
254,0
0,200
253,3
253,2
253,1
253,0
252,6
252,5
252,4
252,3
252,2
252,1
252,0
251,5
251,4
251,3
251,2
251,1
251,0
250,4
250,3
250,2
250,1
250,0
249,4
249,3
249,2
249,1
249,0
248,5
248,4
248,3
248,2
248,1
248,0
247,5
247,4
247,3
247,2
247,1
247,0
246,4
246,3
246,2
246,1
246,0
245,4
245,3
245,2
245,1
245,0
5,80
244,4
244,3
244,2
244,1
244,0
243,3
243,2
243,1
243,0
5,79
242,7
242,6
242,5
242,4
242,3
242,2
242,1
242,0
241,6
241,5
241,4
241,3
241,2
241,1
241,0
240,7
240,6
240,5
240,4
240,3
240,2
240,1
240,0
239,6
239,5
239,4
239,3
239,2
239,1
239,0
238,6
238,5
238,4
238,3
238,2
238,1
238,0
237,6
237,5
237,4
237,3
237,2
237,1
237,0
236,4
236,3
236,2
236,1
236,0
5,78
235,7
0,199
235,6
235,5
235,4
235,3
235,2
235,1
235,0
234,4
234,3
234,2
234,1
234,0
233,4
233,3
233,2
233,1
233,0
232,8
232,7
232,6
232,5
232,4
232,3
232,2
232,1
232,0
231,4
231,3
231,2
231,1
231,0
230,5
230,4
230,3
230,2
230,1
230,0
229,5
229,4
229,3
229,2
229,1
229,0
228,5
228,4
228,3
228,2
228,1
228,0
227,4
227,3
227,2
227,1
227,0
226,9
226,8
226,7
226,6
226,5
226,4
226,3
226,2
226,1
226,0
0,198
225,5
225,4
225,3
225,2
225,1
225,0
224,5
224,4
224,3
224,2
224,1
224,0
223,6
223,5
223,4
223,3
223,2
223,1
223,0
5,77
222,5
222,4
222,3
222,2
222,1
222,0
5,76
221,6
221,5
221,4
221,3
221,2
221,1
221,0
220,5
220,4
220,3
220,2
220,1
220,0
219,6
219,5
219,4
219,3
219,2
219,1
219,0
218,5
218,4
218,3
218,2
218,1
218,0
217,6
217,5
217,4
217,3
217,2
217,1
217,0
216,5
216,4
216,3
216,2
216,1
216,0
215,5
215,4
215,3
215,2
215,1
215,0
5,75
214,6
214,5
214,4
214,3
214,2
214,1
214,0
4,5
4,4
213,5
213,4
213,3
213,2
213,1
213,0
212,5
212,4
212,3
212,2
212,1
212,0
5,74
211,6
211,5
211,4
211,3
211,2
211,1
211,0
210,6
210,5
210,4
210,3
210,2
210,1
210,0
209,5
209,4
209,3
209,2
209,1
209,0
208,3
